STATION = 12
RUN = 66
RUN-START-TIME =  1656664274.599042239
LIBRNO-G-GIT-HASH = 458d43d
RNO-G-ICE-SOFTWARE-GIT-HASH = 6af4fd3
FREE-SPACE-MB-OUTPUT-PARTITION = 46810.429688
FREE-SPACE-MB-RUNFILE-PARTITION = 1459.746094
RADIANT-FWVER = 00.03.03
RADIANT-FWDATE = 2021-09.06
RADIANT-BM-FWVER = 00.02.10
RADIANT-BM-FWDATE = 2022-03.30
RADIANT-SAMPLERATE = 3200
FLOWER-FWVER = 00.00.07
FLOWER-FWDATE = 2021-09.01
RUN-END-TIME = 1656671481.020364910
